1
44204300
44206600
11169700
11170400
2
44204400
44207100
11170100
11171000
3
44200500
44208300
11168800
11171900
4
44223100
44230100
11155000
11165200
5
44188800
44190800
11166800
11171100
6
44191700
44193100
11170400
11171500
7
44193100
44197800
11166200
11170800
8
44190400
44193200
11166200
11167200
9
44202700
44203800
11157100
11157600
10
44224300
44236500
11155000
11165400
11
44201700
44202200
11154200
11154500
12
44202600
44204100
11157500
11158400
13
44203400
44204100
11157600
11158800
14
44217200
44217500
11160800
11161100
15
44209000
44211600
11158200
11160800
16
44202200
44210500
11154100
11156300
17
44200600
44210300
11157400
11167300
18
44204700
44209100
11165600
11167000
19
44205600
44209000
11164400
11166200
20
44207100
44209000
11164200
11165500
21
44204700
44205500
11164100
11165300
22
44209700
44210500
11164000
11165700
23
44209000
44210500
11165200
11166600
24
44193300
44197000
11168300
11171700
25
44211100
44217700
11158200
11161800
26
44214800
44217400
11164200
11165000
27
44218800
44220300
11162800
11164000
28
44216700
44218200
11163100
11164200
29
44211100
44214800
11163100
11164200
30
44219100
44221000
11158000
11159400
31
44211100
44214800
11164600
11166200
32
44219500
44220200
11155600
11158100
33
44224000
44225800
11147500
11148500
34
44218400
44221500
11149800
11153400
35
44226700
44229600
11147600
11148600
36
44224100
44226800
11150700
11152300
37
44230900
44232500
11149100
11150700
38
44232800
44233700
11152900
11153600
39
44218900
44219900
11160300
11162900
40
44211400
44221200
11154200
11163000
41
44201300
44203000
11154500
11157500
42
44230300
44232800
11151800
11153500
43
44230600
44231000
11149500
11150400
44
44235300
44235900
11152200
11153300
45
44213700
44215000
11159400
11161200
46
44234100
44235400
11155500
11156300
47
44233600
44234100
11149200
11150200
48
44213700
44214100
11159900
11160600
49
44223900
44229400
11148500
11153500
50
44232600
44234100
11148800
11149600
51
44230700
44236400
11143100
11144600
52
44234000
44235500
11154400
11155500
53
44198700
44200500
11162900
11164400
54
44234300
44234900
11152500
11153300
55
44230300
44232100
11130800
11133200
56
44228400
44230300
11130100
11131400
57
44234600
44235600
11148800
11150500
58
44230100
44231400
11127000
11128600
59
44230400
44232000
11131000
11133000
60
44232500
44236300
11126600
11128200
61
44230500
44236100
11139900
11141300
62
44233300
44237700
11094400
11096900
63
44233700
44234300
11124000
11124700
64
44231500
44232100
11124500
11124800
65
44233100
44233700
11124000
11124800
66
44222800
44224500
11129600
11131900
67
44202500
44203400
11163900
11165300
68
44231600
44234200
11120800
11124500
69
44233500
44234600
11120300
11121300
70
44232200
44233200
11124500
11125000
71
44210100
44211700
11158700
11160300
72
44231800
44233800
11109900
11111000
73
44234700
44236000
11117900
11119300
74
44226400
44226900
11111000
11111500
75
44230200
44235900
11136600
11138000
76
44226500
44230600
11110400
11113400
77
44232100
44233300
11116900
11118000
78
44226600
44230400
11110600
11113300
79
44231600
44232200
11116800
11117400
80
44229000
44231300
11120200
11123000
81
44227300
44228500
11111300
11112300
82
44233700
44236500
11109500
11111300
83
44232800
44233800
11116100
11117000
84
44224800
44226600
11128400
11130400
85
44233700
44235000
11114500
11116200
86
44223700
44224600
11117500
11119300
87
44234500
44236200
11112700
11114500
88
44214800
44218000
11163900
11165800
89
44224200
44224800
11120600
11122200
90
44223600
44227300
11115200
11119200
91
44226500
44227600
11123000
11124500
92
44225300
44228500
11124200
11125800
93
44224400
44225300
11123700
11125800
94
44224300
44226000
11122000
11123000
95
44234500
44235600
11113900
11114900
96
44226300
44227500
11121600
11122300
97
44233800
44235500
11118900
11120800
98
44230400
44232100
11110200
11111700
99
44226000
44227900
11120000
11121500
100
44226400
44227800
11122100
11123200
101
44220800
44222100
11115800
11117700
102
44221600
44222800
11123500
11125900
103
44224400
44227300
11117500
11119200
104
44224600
44226200
11120300
11121800
105
44225000
44226800
11123600
11125400
106
44220000
44221400
11113200
11114600
107
44224000
44224700
11124400
11125900
108
44221300
44222400
11120900
11122600
109
44222100
44224700
11111200
11113000
110
44220100
44221600
11114500
11116000
111
44219400
44221100
11113300
11121100
112
44221500
44222900
11123300
11126000
113
44220700
44222300
11117600
11118600
114
44220900
44222500
11119200
11120200
115
44223600
44225600
11111200
11114400
116
44221000
44222600
11120000
11121100
117
44220000
44221200
11105500
11106600
118
44220800
44222400
11118400
11119400
119
44215500
44217600
11101600
11102300
120
44218600
44219100
11104700
11105200
121
44210600
44211500
11094700
11096600
122
44215700
44217200
11102300
11102600
123
44218400
44220400
11103600
11105800
124
44210300
44211900
11094300
11097000
125
44210600
44211400
11092900
11093700
126
44216900
44219000
11104400
11107100
127
44211500
44212100
11097300
11098500
128
44210300
44211900
11094300
11097000
129
44211200
44212300
11099100
11101000
130
44211900
44212400
11097000
11098800
131
44211500
44212000
11099400
11100600
132
44219200
44222200
11111500
11113400
133
44208500
44210700
11092900
11093900
134
44211200
44212300
11097000
11098800
135
44207000
44208000
11092100
11092600
136
44208000
44208700
11092000
11092300
137
44201200
44203900
11093200
11094800
138
44203600
44204700
11093000
11093700
139
44205300
44206600
11092400
11093600
140
44206300
44208000
11092300
11093200
141
44204600
44205600
11092800
11093800
142
44204300
44205900
11096600
11097900
143
44199500
44202100
11096000
11098500
144
44208000
44208900
11092100
11093200
145
44205700
44207600
11099200
11100800
146
44203700
44205600
11099800
11101400
147
44200100
44202100
11098900
11099800
148
44207300
44208500
11099300
11100700
149
44200000
44203100
11098000
11102400
150
44206600
44210000
11105800
11110400
151
44206900
44209700
11106100
11110200
152
44202200
44203500
11108000
11109300
153
44211200
44212400
11099100
11101000
154
44199000
44201600
11093900
11095800
155
44225200
44229000
11143300
11146500
156
44205400
44206200
11100200
11100900
157
44207800
44208800
11107000
11109300
158
44207800
44208900
11097600
11099100
159
44224600
44228500
11139100
11142300
160
44194700
44196500
11097300
11098600
161
44197000
44199100
11100900
11102200
162
44224000
44227900
11134900
11138100
163
44191700
44195000
11097900
11100000
164
44194600
44196300
11110800
11112200
165
44202800
44203400
11095000
11095700
166
44190600
44192900
11105200
11106800
167
44196400
44198200
11108300
11109700
168
44205700
44206800
11093900
11095500
169
44192600
44194400
11112000
11113000
170
44208200
44209500
11099000
11101000
171
44192500
44193400
11112900
11113700
172
44189300
44190800
11109000
11110300
173
44213600
44216000
11096400
11096800
174
44193300
44195000
11110400
11113300
175
44192900
44194800
11091700
11094000
176
44187600
44189600
11109200
11110700
177
44214700
44216100
11095500
11096100
178
44185400
44187100
11105100
11107800
179
44194600
44196900
11110600
11112600
180
44187000
44187600
11112000
11112500
181
44213600
44214700
11095500
11096400
182
44186600
44187300
11110300
11110900
183
44214700
44216100
11096100
11096400
184
44190100
44191700
11113100
11117100
185
44189300
44190000
11112300
11112800
186
44186400
44187500
11109800
11110400
187
44190500
44192600
11117200
11118400
188
44187200
44187700
11109800
11110600
189
44189900
44191600
11111600
11113100
190
44187500
44188400
11120000
11120500
191
44188300
44189200
11120200
11120700
192
44190100
44191500
11122400
11123600
193
44187600
44188600
11120400
11122000
194
44192300
44193400
11122600
11123500
195
44188100
44189200
11119200
11120000
196
44193600
44194200
11127200
11127600
197
44192500
44193500
11123800
11124500
198
44192900
44193600
11128800
11129400
199
44186500
44187200
11112600
11113900
200
44191600
44194100
11126500
11127500
201
44192900
44194100
11125100
11126600
202
44193200
44194200
11126500
11127500
203
44192000
44192500
11125400
11125700
204
44187300
44188200
11119400
11120200
205
44192400
44193100
11122100
11122700
206
44191100
44193800
11124300
11125800
207
44192500
44193200
11125300
11126500
208
44187100
44188700
11115500
11118800
209
44188800
44189500
11126700
11127500
210
44188700
44190100
11127100
11127800
211
44189100
44190100
11130900
11132600
212
44188400
44190200
11133800
11134300
213
44189500
44190100
11126600
11127400
214
44188300
44188800
11126800
11127800
215
44191400
44192500
11122200
11123000
216
44187800
44188800
11123100
11123500
217
44188300
44189300
11135000
11135900
218
44188700
44189300
11136700
11137500
219
44191200
44192600
11119600
11122100
220
44188300
44189200
11131000
11133300
221
44192500
44193400
11123400
11124000
222
44188400
44188800
11133300
11133900
223
44188700
44189500
11136100
11136700
224
44190300
44191100
11137800
11138600
225
44190000
44192700
11130900
11131600
226
44189200
44189500
11135900
11136200
227
44188000
44188700
11136100
11138400
228
44188300
44189600
11138600
11138800
229
44193400
44193900
11138100
11138500
230
44189500
44190300
11137800
11138600
231
44189500
44189700
11135900
11136700
232
44193500
44193900
11137900
11138500
233
44191500
44192100
11135000
11135900
234
44191800
44193500
11137800
11138600
235
44193900
44194600
11135400
11136300
236
44188500
44193200
11139700
11142800
237
44191100
44191800
11137800
11138600
238
44191900
44192500
11140900
11142300
239
44193900
44194600
11136200
11137100
240
44193300
44193600
11135200
11138100
241
44188300
44189600
11138300
11138600
242
44188200
44188800
11136700
11137600
243
44193500
44194400
11137000
11138000
244
44191600
44193300
11146500
11147800
245
44191800
44192600
11145700
11146800
246
44191600
44194500
11135000
11135600
247
44192400
44193100
11145900
11146900
248
44188800
44190900
11143600
11146100
249
44190700
44191800
11146300
11147200
250
44193400
44194000
11135200
11137000
251
44189400
44193800
11140900
11142200
252
44188400
44189400
11143400
11144300
253
44193100
44194200
11146900
11148200
254
44193800
44194300
11146500
11147100
255
44192800
44193500
11146700
11147400
256
44193500
44194000
11146400
11147000
257
44191100
44191800
11146100
11146500
258
44192000
44192700
11145300
11145900
259
44192600
44193300
11145300
11146000
260
44189800
44191100
11101200
11102200
261
44186600
44188200
11152700
11155200
262
44191800
44192600
11146800
11147400
263
44186000
44187300
11153500
11154200
264
44190300
44191900
11099500
11100600
265
44186000
44186900
11153700
11154700
266
44186900
44187600
11154400
11155200
267
44185600
44186600
11150800
11152600
268
44186300
44187100
11154600
11155300
269
44185900
44186800
11147200
11150800
270
44188000
44188900
11153900
11154900
271
44185100
44186400
11147100
11150900
272
44188000
44189000
11148800
11149600
273
44187800
44188900
11149500
11151500
274
44187500
44188000
11148800
11149500
275
44187400
44188200
11147200
11148100
276
44188300
44189000
11148200
11148900
277
44189400
44190200
11148800
11150700
278
44189000
44189800
11147300
11148400
279
44186400
44187000
11153000
11153500
280
44189600
44190700
11147500
11148500
281
44191300
44192500
11148100
11149800
282
44192700
44193100
11147300
11147600
283
44189400
44190200
11150700
11151400
284
44190800
44191500
11148600
11149200
285
44190700
44191600
11147900
11148400
286
44188200
44189100
11147300
11148100
287
44189800
44190500
11149900
11150400
288
44197300
44200000
11104900
11107900
289
44185000
44187600
11145700
11146600
290
44189900
44190500
11150400
11150800
291
44185400
44186000
11144100
11144500
292
44186000
44186600
11136300
11137900
293
44192300
44193400
11148400
11149600
294
44186800
44187300
11144100
11145200
295
44186100
44186800
11137900
11140500
296
44184800
44185600
11145500
11146500
297
44184700
44185500
11144000
11145600
298
44186000
44186700
11132800
11134400
299
44186300
44187000
11130400
11132800
300
44184900
44185700
11128000
11129100
301
44184600
44186100
11128800
11129800
302
44185600
44186700
11124400
11125500
303
44186200
44187300
11127700
11128500
304
44185700
44186700
11125400
11126400
305
44186600
44187600
11128300
11129400
306
44186500
44186900
11126200
11127100
307
44186200
44186500
11126300
11127100
308
44185200
44186300
11134000
11134800
309
44185600
44186800
11127100
11127500
310
44185600
44186200
11126700
11127100
311
44185300
44186700
11122600
11123200
312
44186400
44186800
11127200
11127900
313
44186800
44188000
11145400
11146600
314
44185500
44186700
11123900
11124400
315
44184900
44185500
11122200
11122700
316
44185600
44186600
11123200
11123900
317
44185900
44186400
11120500
11121200
318
44185800
44186700
11121100
11122500
319
44186000
44186800
11141200
11143600
320
44188300
44188900
11125600
11126600
321
44184500
44185700
11124500
11125700
322
44185200
44186000
11117500
11118200
323
44185100
44185800
11116900
11117600
324
44185000
44185800
11116300
11117000
325
44185000
44185800
11115700
11116400
326
44185200
44185500
11119300
11119800
327
44184600
44185200
11112200
11113400
328
44185500
44186200
11119200
11119700
329
44194200
44196100
11160500
11162700
330
44194700
44196100
11162700
11163600
331
44194600
44194900
11162700
11163000
332
44196600
44197100
11162700
11163600
333
44195500
44197300
11160200
11162700
334
44184000
44186800
11140200
11141000
335
44183400
44186400
11136000
11137100
336
44192700
44195300
11154600
11158200
337
44197300
44198700
11154500
11158300
338
44196600
44197500
11159600
11160200
339
44196700
44197800
11158300
11159600
340
44194600
44195400
11157900
11158400
341
44185500
44186000
11120600
11121200
342
44193500
44194900
11158700
11160400
343
44193000
44193700
11157200
11158000
344
44192000
44192600
11161700
11163000
345
44192100
44197500
11154500
11158300
346
44185400
44186100
11118200
11118800
347
44195700
44197000
11154000
11154500
348
44196100
44196600
11162700
11163600
349
44196200
44198900
11151600
11153300
350
44193400
44194400
11157400
11158300
351
44197300
44198500
11152200
11152900
352
44192100
44192900
11161700
11163400
353
44195500
44196500
11147700
11149000
354
44198000
44198900
11153300
11154500
355
44197100
44199000
11150400
11150900
356
44198800
44199400
11149900
11151300
357
44194500
44195900
11152800
11153700
358
44194800
44196600
11159700
11160300
359
44196300
44199200
11148500
11149600
360
44198300
44199900
11140200
11149000
361
44197200
44199000
11150100
11150700
362
44196800
44197600
11140900
11141400
363
44198100
44200200
11137900
11140200
364
44196300
44197300
11149500
11150800
365
44197100
44198000
11153500
11154500
366
44198600
44199200
11139800
11140200
367
44198000
44200100
11137200
11138300
368
44198300
44199900
11134500
11135800
369
44195900
44197500
11140800
11146900
370
44197800
44199000
11140200
11148800
371
44198300
44200800
11131800
11134500
372
44197200
44197600
11134500
11134800
373
44199200
44200800
11131400
11131900
374
44196300
44198100
11137100
11139100
375
44198200
44200800
11129000
11130000
376
44199100
44200900
11130200
11131400
377
44196500
44197300
11129100
11130600
378
44194600
44198500
11119600
11121100
379
44197100
44198300
11129000
11130000
380
44195300
44196900
11114700
11116500
381
44196400
44198000
11132900
11135700
382
44198300
44200600
11121400
11122800
383
44195000
44197200
11122500
11125800
384
44195600
44197700
11115000
11117100
385
44198400
44200600
11122700
11124700
386
44200600
44201400
11124400
11125900
387
44199000
44200800
11118100
11122600
388
44197600
44198500
11121700
11122900
389
44200400
44201000
11122500
11124400
390
44199300
44200100
11126100
11126800
391
44197200
44198500
11127100
11127800
392
44198500
44199600
11127000
11127900
393
44196300
44197100
11130700
11131500
394
44199600
44200800
11126900
11127800
395
44197300
44198600
11126100
11127100
396
44195700
44197200
11126400
11127800
397
44195000
44196600
11116400
11117900
398
44207200
44208200
11124500
11126500
399
44198400
44198900
11114100
11114600
400
44209100
44211300
11120800
11122200
401
44198200
44199800
11124500
11126000
402
44208100
44208900
11124500
11126800
403
44211400
44211900
11120200
11120700
404
44203700
44204600
11119700
11121200
405
44204500
44205400
11119600
11121100
406
44206700
44207700
11119700
11120800
407
44205000
44206600
11120900
11121700
408
44198400
44200200
11114200
11118300
409
44206800
44208600
11116800
11117700
410
44210100
44211300
11116400
11117400
411
44209900
44210900
11119100
11120500
412
44207000
44208300
11118800
11119700
413
44209400
44210500
11117600
11119000
414
44194400
44198300
11118600
11120200
415
44207500
44209100
11120800
11121600
416
44205800
44206700
11117300
11119000
417
44205900
44207100
11118600
11119600
418
44203100
44203900
11124200
11126400
419
44204500
44205300
11121700
11122400
420
44203300
44206600
11126400
11127600
421
44206600
44207600
11117300
11118800
422
44206500
44207100
11121600
11122300
423
44202400
44203300
11118000
11119800
424
44203900
44206400
11124100
11124800
425
44196800
44199100
11113700
11115300
426
44202100
44203500
11115900
11118100
427
44207300
44208900
11126400
11127200
428
44205700
44206800
11116700
11117700
429
44204600
44205100
11113300
11114100
430
44202700
44204700
11113300
11114300
431
44203200
44204600
11115900
11116400
432
44202000
44203700
11113700
11115000
433
44202300
44203600
11113400
11114300
434
44207900
44209400
11112900
11115000
435
44211300
44212000
11120800
11122100
436
44203100
44203700
11118100
11119500
437
44207100
44209100
11121500
11122200
438
44205000
44206000
11113200
11114000
439
44212200
44213100
11112500
11114000
440
44211600
44212100
11122100
11123000
441
44209800
44210400
11116600
11117600
442
44207300
44210100
11113900
11115200
443
44211700
44213700
11112800
11113800
444
44213700
44217100
11112200
11115100
445
44214300
44217500
11124400
11125500
446
44213300
44217100
11121400
11122500
447
44213300
44215900
11117200
11118800
448
44214000
44217300
11122600
11123500
449
44213100
44215700
11115900
11117500
450
44213800
44217000
11120600
11121700
451
44213600
44216900
11119900
11121000
452
44213900
44217200
11122000
11122900
453
44233400
44234300
11112600
11113700
454
44204100
44206000
11151800
11152900
455
44206800
44208200
11151700
11152200
456
44204100
44205600
11151700
11152300
457
44214200
44217400
11123800
11124700
458
44207100
44210200
11112900
11113800
459
44209800
44212600
11151700
11152200
460
44232500
44233600
11111100
11112400
461
44207400
44208300
11115600
11117200
462
44214100
44217300
11123200
11124100
463
44211400
44211900
11150600
11150800
464
44214200
44214800
11151900
11152900
465
44208200
44209100
11150500
11151900
466
44210400
44212000
11149600
11150600
467
44206800
44213400
11150500
11153000
468
44217200
44218300
11149400
11150300
469
44217300
44218200
11151200
11153200
470
44214800
44215700
11152300
11153100
471
44215600
44217000
11152500
11153200
472
44217000
44217500
11152200
11153200
473
44216200
44217500
11146900
11148400
474
44213400
44216800
11115800
11120200
475
44215200
44216200
11147500
11148500
476
44213300
44218700
11122400
11126700
477
44214800
44217000
11145600
11146800
478
44217500
44218500
11146500
11147300
479
44212600
44213500
11150000
11150900
480
44215100
44216400
11143100
11144300
481
44217100
44218400
11145400
11146400
482
44216100
44218200
11141900
11142700
483
44217500
44218400
11147300
11148500
484
44210600
44214000
11138000
11148200
485
44218700
44220700
11136900
11148400
486
44217300
44218200
11150000
11151100
487
44219500
44220600
11138000
11140200
488
44215300
44215900
11142800
11143200
489
44220000
44221100
11141400
11143700
490
44217500
44218200
11142000
11144300
491
44214900
44215200
11147600
11148500
492
44215600
44217900
11144200
11145300
493
44215200
44216400
11141800
11142900
494
44218300
44219600
11135400
11136700
495
44220200
44221300
11144800
11147100
496
44215200
44215900
11144200
11145300
497
44216000
44218200
11143400
11144300
498
44218600
44219800
11133500
11135400
499
44218200
44219200
11135400
11136400
500
44219900
44221000
11140100
11141500
501
44220600
44221700
11147000
11148300
502
44217000
44219500
11128300
11132100
503
44207300
44208200
11131300
11132000
504
44215300
44216500
11130000
11131800
505
44219400
44220500
11136700
11138100
506
44214700
44215200
11129100
11129900
507
44213800
44215700
11128600
11132000
508
44218100
44218600
11135000
11135500
509
44207700
44209400
11133100
11133800
510
44207400
44208000
11133000
11133800
511
44216200
44216900
11129900
11131600
512
44215200
44216700
11128500
11130000
513
44206400
44207300
11130200
11131000
514
44203500
44205000
11133600
11134300
515
44204200
44204800
11132200
11132900
516
44207600
44210500
11130200
11132000
517
44220400
44221500
11143500
11144900
518
44202900
44203700
11132700
11133500
519
44202600
44203600
11133400
11135700
520
44203100
44203700
11132400
11132800
521
44206200
44208400
11134800
11135500
522
44210000
44211900
11128700
11131800
523
44205300
44208400
11135400
11136300
524
44207100
44208500
11136300
11137100
525
44203700
44204300
11132200
11132900
526
44202500
44203300
11135700
11136900
527
44204900
44205400
11135600
11136300
528
44205600
44207000
11137300
11138900
529
44202300
44205600
11136900
11138900
530
44205900
44207000
11139100
11140100
531
44201900
44203900
11140400
11143400
532
44207800
44209200
11139500
11140500
533
44204100
44205700
11137000
11138400
534
44202100
44205600
11138900
11140500
535
44204900
44207000
11142900
11143600
536
44208600
44209400
11141500
11143600
537
44204400
44205300
11135600
11137000
538
44201800
44203200
11144600
11145500
539
44209000
44210100
11144800
11145500
540
44207000
44209400
11143000
11143600
541
44203200
44204400
11134800
11135700
542
44201800
44203600
11144000
11144600
543
44205600
44206200
11144800
11145500
544
44203900
44204900
11142800
11143500
545
44202900
44203800
11142800
11143500
546
44203200
44205600
11144600
11145600
547
44205300
44206700
11147400
11148000
548
44201800
44203500
11143400
11144000
549
44205300
44206600
11146900
11147500
550
44207000
44210100
11146900
11148100
551
44203600
44205700
11144100
11144600
552
44206000
44208600
11148000
11149900
553
44204700
44205500
11146500
11146900
554
44204200
44204800
11146400
11148000
555
44201500
44206100
11147900
11149800
556
44207000
44207400
11139100
11140100
557
44204100
44204800
11145500
11146500
558
44202900
44204200
11146400
11147200
559
44210300
44211800
11130300
11131000
560
44205100
44207400
11133700
11134400
561
44208700
44209900
11148100
11149700
562
44202900
44204200
11145500
11146500
563
44201700
44202400
11152600
11152900
564
44201600
44202900
11145500
11147900
565
44202400
44203900
11151800
11153000
566
44202400
44202700
11152600
11152900
567
44201400
44204500
11149700
11152600
